0 0.048090 0.255924 0.040843 0.028436
0 0.505929 0.162322 0.047431 0.068720
0 0.842556 0.394550 0.064559 0.111374
0 0.728590 0.356635 0.031621 0.082938
0 0.252964 0.419431 0.023715 0.023697
0 0.424901 0.263033 0.019763 0.028436
0 0.580369 0.411137 0.017128 0.021327
0 0.646245 0.366114 0.019763 0.021327
0 0.706192 0.257109 0.036891 0.045024
0 0.606061 0.426540 0.018445 0.033175
0 0.149539 0.405213 0.022398 0.037915
1 0.057971 0.409953 0.094862 0.194313
1 0.140316 0.463270 0.043478 0.073460
1 0.243083 0.500000 0.038208 0.123223
1 0.416337 0.345972 0.044796 0.113744
1 0.488801 0.367299 0.063241 0.246445
1 0.594862 0.491706 0.061924 0.111374
1 0.899868 0.482227 0.131752 0.201422
1 0.791173 0.451422 0.064559 0.182464
1 0.646245 0.466825 0.030303 0.132701
1 0.585639 0.498815 0.054018 0.116114
