0 0.073614 0.460372 0.031755 0.063231
0 0.202512 0.678432 0.042436 0.044608
0 0.375722 0.486574 0.040127 0.035946
0 0.442696 0.531399 0.050520 0.038978
0 0.478782 0.441750 0.042436 0.063231
0 0.584440 0.419446 0.038972 0.067995
0 0.644775 0.432655 0.042436 0.029450
0 0.729792 0.310307 0.064088 0.063664
1 0.047921 0.564747 0.062933 0.167172
1 0.264723 0.716977 0.072171 0.087917
1 0.378753 0.591815 0.066975 0.125162
1 0.450346 0.631875 0.053695 0.106540
1 0.504619 0.533781 0.073326 0.105240
1 0.633372 0.502815 0.071016 0.104807
1 0.740185 0.427025 0.078522 0.148116
1 0.042292 0.939801 0.084007 0.103941
